[StructuralParameters]
TranslationRealLeft=59.837952,-0.158569,-0.844262
TranslationRealRight=0.000000,0.000000,0.000000
TranslationRealWebcam=10.432594,0.700779,-0.610509
RotationRealLeft=-0.000269,0.014109,-0.002648
RotationRealRight=0.000269,0.020059,-0.004708
RotationRealWebcam=-0.002162,0.014858,-0.001588
TranslationRectifiedLeft=59.844118,0.000000,0.000000
TranslationRectifiedRight=0.000000,0.000000,0.000000
RotationRectifiedLeft=0.000000,0.000000,0.000000
RotationRectifiedRight=0.000000,0.000000,0.000000
[OpticalParameters]
SensorDimensions=640,480
FocalLengthRealLeft=620.276021,620.276021
FocalLengthRealRight=618.069076,618.069076
FocalLengthRealWebcam=1486.643257,1486.643257
OpticalCenterRealLeft=327.608883,241.057716
OpticalCenterRealRight=324.727790,247.576797
OpticalCenterRealWebcam=617.860465,484.799196
LensDistortionsRealLeft=-0.072620,0.213994,-0.000617,-0.002576,-0.496620
LensDistortionsRealRight=-0.076793,0.215142,-0.002747,-0.001590,-0.464657
LensDistortionsRealWebcam=0.209878,-0.986330,-0.001133,0.000912,0.820613
[RectifiedParameters]
FocalLengthBaseLeft=595.895385,595.895385
FocalLengthBaseRight=595.895385,595.895385
OpticalCenterBaseLeft=307.969925,230.977444
OpticalCenterBaseRight=307.969925,230.977444
Baseline=59.844118
[OutputVideo]
Channel0Dimensions=592,456
Channel0Factor=1.000000,1.000000
Channel0Offset=0,0
[OutputDepth]
DepthDimensions=592,456
DepthFactor=1.000000,1.000000
[Metadata]
CreationTime=1541491225.00527
ConfiguratorVersion=4.03.0005.02
InuCalibrationVersionID=4.03.0005.02
[IMUParameters]
AccelerometerTemperatureSlope=-0.00781648,-0.00983507,0.00445259
AccelerometerTemperatureReference=53.201
TimeAlignment=0.008587
TCam2IMU=-1.0000,0.0000,0.0000,-0.0003,0.0000,-1.0000,0.0000,-0.0062,0.0000,0.0000,1.0000,0.0000,0.0000,0.0000,0.0000,1.0000
