[StructuralParameters]
TranslationRealLeft=59.701953,-0.180228,-0.233192
TranslationRealRight=0.000000,0.000000,0.000000
TranslationRealWebcam=9.991247,0.578781,-0.248261
RotationRealLeft=-0.000142,0.003906,-0.003018
RotationRealRight=0.000142,0.010403,-0.005086
RotationRealWebcam=-0.002460,0.006407,-0.001851
TranslationRectifiedLeft=59.702681,0.000000,0.000000
TranslationRectifiedRight=0.000000,0.000000,0.000000
RotationRectifiedLeft=0.000000,0.000000,0.000000
RotationRectifiedRight=0.000000,0.000000,0.000000
[OpticalParameters]
SensorDimensions=320,240
FocalLengthRealLeft=309.560821,309.560821
FocalLengthRealRight=308.150032,308.150032
FocalLengthRealWebcam=742.884499,742.884499
OpticalCenterRealLeft=163.667742,120.596648
OpticalCenterRealRight=162.201628,123.924322
OpticalCenterRealWebcam=308.535170,242.352632
LensDistortionsRealLeft=-0.072333,0.211029,-0.000615,-0.002592,-0.480667
LensDistortionsRealRight=-0.071994,0.187716,-0.002701,-0.001561,-0.419745
LensDistortionsRealWebcam=0.213623,-1.029597,-0.001166,0.000470,0.982320
[RectifiedParameters]
FocalLengthBaseLeft=292.840700,292.840700
FocalLengthBaseRight=292.840700,292.840700
OpticalCenterBaseLeft=151.703704,113.777778
OpticalCenterBaseRight=151.703704,113.777778
Baseline=59.702681
[OutputVideo]
Channel0Dimensions=288,224
Channel0Factor=1.000000,1.000000
Channel0Offset=0,0
[OutputDepth]
DepthDimensions=288,224
DepthFactor=1.000000,1.000000
[Metadata]
CreationTime=1541491341.76371
ConfiguratorVersion=4.03.0005.02
InuCalibrationVersionID=4.03.0005.02
[IMUParameters]
AccelerometerTemperatureSlope=-0.00781648,-0.00983507,0.00445259
AccelerometerTemperatureReference=53.201
TimeAlignment=0.008587
TCam2IMU=-1.0000,0.0000,0.0000,-0.0003,0.0000,-1.0000,0.0000,-0.0062,0.0000,0.0000,1.0000,0.0000,0.0000,0.0000,0.0000,1.0000
