[StructuralParameters]
TranslationRealLeft=59.837952,-0.158569,-0.844262
TranslationRealRight=0.000000,0.000000,0.000000
TranslationRealWebcam=10.432594,0.700779,-0.610509
RotationRealLeft=-0.000269,0.014109,-0.002648
RotationRealRight=0.000269,0.020059,-0.004708
RotationRealWebcam=-0.002162,0.014858,-0.001588
TranslationRectifiedLeft=59.844118,0.000000,0.000000
TranslationRectifiedRight=0.000000,0.000000,0.000000
RotationRectifiedLeft=0.000000,0.000000,0.000000
RotationRectifiedRight=0.000000,0.000000,0.000000
[OpticalParameters]
SensorDimensions=320,240
FocalLengthRealLeft=310.138011,310.138011
FocalLengthRealRight=309.034538,309.034538
FocalLengthRealWebcam=743.321629,743.321629
OpticalCenterRealLeft=163.804442,120.528858
OpticalCenterRealRight=162.363895,123.788399
OpticalCenterRealWebcam=308.930232,242.399598
LensDistortionsRealLeft=-0.072620,0.213994,-0.000617,-0.002576,-0.496620
LensDistortionsRealRight=-0.076793,0.215142,-0.002747,-0.001590,-0.464657
LensDistortionsRealWebcam=0.209878,-0.986330,-0.001133,0.000912,0.820613
[RectifiedParameters]
FocalLengthBaseLeft=293.533653,293.533653
FocalLengthBaseRight=293.533653,293.533653
OpticalCenterBaseLeft=151.703704,113.777778
OpticalCenterBaseRight=151.703704,113.777778
Baseline=59.844118
[OutputVideo]
Channel0Dimensions=288,224
Channel0Factor=1.000000,1.000000
Channel0Offset=0,0
[OutputDepth]
DepthDimensions=288,224
DepthFactor=1.000000,1.000000
[Metadata]
CreationTime=1541491225.31727
ConfiguratorVersion=4.03.0005.02
InuCalibrationVersionID=4.03.0005.02
[IMUParameters]
AccelerometerTemperatureSlope=-0.00781648,-0.00983507,0.00445259
AccelerometerTemperatureReference=53.201
TimeAlignment=0.008587
TCam2IMU=-1.0000,0.0000,0.0000,-0.0003,0.0000,-1.0000,0.0000,-0.0062,0.0000,0.0000,1.0000,0.0000,0.0000,0.0000,0.0000,1.0000
