version: ""
imagers:
  sensor_0:
    real:
      extrinsic:
        T: [3.5527136788005009e-14, 0, -1.4210854715202004e-14]
        om: [0, 0, 0]
      intrinsic:
        alphac: [0]
        cc: [386.68530985270422, 399.59703249060635]
        fc: [275.86348066357334, 275.86348066357334]
        kc: [0.04056631536017026, -0.016325928092327788, 0.001813226098384016, -0.0013515073081672327]
        model: 1
      sensor:
        hor_pix_size: 0
        hor_res: 800
        ver_pix_size: 0
        ver_res: 800
    type: Left
    virtual:
      extrinsic:
        T: [7.1054273576010019e-15, -1.4210854715202004e-14, -7.1054273576010019e-15]
        om: [0, 0, 0]
      intrinsic:
        alphac: [0]
        cc: [400, 400]
        fc: [230, 230]
        kc: [0, 0, 0, 0, 0]
        model: 0
      sensor:
        hor_pix_size: 0
        hor_res: 800
        ver_pix_size: 0
        ver_res: 800
  sensor_1:
    real:
      extrinsic:
        T: [99.497276779189121, -0.31583920774741614, -18.430448458861534]
        om: [0.002278699499075536, 0.36113965214134952, -0.0047719798905932276]
      intrinsic:
        alphac: [0]
        cc: [386.21762181273408, 393.9766607411475]
        fc: [274.75728244731113, 274.75728244731113]
        kc: [0.038541375753016985, -0.01427553609948844, 0.00042198817789635372, -0.00096488417284519134]
        model: 1
      sensor:
        hor_pix_size: 0
        hor_res: 800
        ver_pix_size: 0
        ver_res: 800
    type: Left
    virtual:
      extrinsic:
        T: [99.497276779189093, -0.31583920774741614, -18.430448458861527]
        om: [0.0022786994990754462, 0.36113965214134952, -0.0047719798905929492]
      intrinsic:
        alphac: [0]
        cc: [400, 400]
        fc: [230, 230]
        kc: [0, 0, 0, 0, 0]
        model: 0
      sensor:
        hor_pix_size: 0
        hor_res: 800
        ver_pix_size: 0
        ver_res: 800
stereo:
  baseline_0:
    imagers: [sensor_0, sensor_1]
    val: 101.19036155323521
version: 4.17.0001.02