[StructuralParameters]
TranslationRealLeft=100.332040,0.161406,0.087210
TranslationRealRight=0.000000,0.000000,0.000000
TranslationRealWebcam=9.947942,-0.015023,2.189986
TranslationRealFishEyeLeft=87.093431,0.020555,-2.543774
TranslationRealFishEyeRight=22.898186,-0.186837,-2.053763
RotationRealLeft=-0.000458,-0.000870,0.001609
RotationRealRight=0.000458,0.003777,0.000004
RotationRealWebcam=-0.005420,0.006190,-0.000093
RotationRealFishEyeLeft=0.001256,0.010669,0.004604
RotationRealFishEyeRight=0.002463,0.009456,0.002017
TranslationRectifiedLeft=100.332208,0.000000,-0.000000
TranslationRectifiedRight=0.000000,0.000000,0.000000
RotationRectifiedLeft=0.000000,0.000000,0.000000
RotationRectifiedRight=0.000000,0.000000,0.000000

[OpticalParameters]
SensorDimensions=1280,800
FocalLengthRealLeft=1013.363330,1013.363330
FocalLengthRealRight=1015.658539,1015.658539
FocalLengthRealWebcam=1474.244217,1474.244217
FocalLengthRealFishEyeLeft=276.162993,276.162993
FocalLengthRealFishEyeRight=274.520544,274.520544
OpticalCenterRealLeft=661.969108,396.351825
OpticalCenterRealRight=644.998456,393.114477
OpticalCenterRealWebcam=644.332863,461.365308
OpticalCenterRealFishEyeLeft=317.402511,237.157538
OpticalCenterRealFishEyeRight=315.053847,236.948261
LensDistortionsRealLeft=-0.101313,1.668550,-0.000061,-0.000910,0.000000
LensDistortionsRealRight=-0.128393,1.882745,-0.000926,-0.000019,0.000000
LensDistortionsRealWebcam=0.225986,-1.117458,0.000693,-0.000441,1.340797
LensDistortionsRealFishEyeLeft=0.010174,-0.007530,-0.003988,0.007130
LensDistortionsRealFishEyeRight=-0.004869,0.041109,-0.067483,0.037190

[RectifiedParameters]
FocalLengthBaseLeft=1014.510935,1014.510935
FocalLengthBaseRight=1014.510935,1014.510935
OpticalCenterBaseLeft=640.000000,387.000000
OpticalCenterBaseRight=640.000000,387.000000
Baseline=100.332208

[Metadata]
InuCalibrationVersionID=4.05.0007.09
[IMUParameters]
AccelerometerMisalignment=1,0,-0,-0.00393319,1,0,-0.00823839,-0.00258342,1
AccelerometerScale=1.0026,0,0,0,0.997834,0,0,0,1.00173
AccelerometerBias=-0.310485,0.60209,0.126657
AccelerometerNoise=0.0014708,0.00184097,0.000762222
GyroscopeMisalignment=1,-0.00463611,0.0114343,-4.22728e-05,1,0.00624185,-0.0092635,-0.00051315,1
GyroscopeScale=0.987445,0,0,0,0.998441,0,0,0,1.00416
GyroscopeBias=0.0121382,0.01487,0.00446023
GyroscopeNoise=0.000136257,7.66596e-05,0.000108478
TimeAlignment=0
TCam2IMU=0.0000,1.0000,0.0000,0.0024,-1.0000,0.0000,0.0000,-0.0560,0.0000,0.0000,1.0000,0.0000,0.0000,0.0000,0.0000,1.0000

